id,title,upload_date,air_date,era,type,series,episode,url,thumbnail,members,subtitles,duration_sec,description,status,view_count,like_count
run-bts-001,Run BTS! 2022 Special Episode Teaser,2022-08-01,2022-08-01,,Run BTS,Run BTS,,https://www.youtube.com/watch?v=hR0_nWQSFN4,https://img.youtube.com/vi/hR0_nWQSFN4/hqdefault.jpg,RM|Jin|Suga|J-Hope|Jimin|V|Jungkook,,32,,active,4773908,738629
run-bts-002,Run BTS! 2022 Special Episode - Telepathy Part 0,2022-08-09,2022-08-09,,Run BTS,Run BTS,,https://www.youtube.com/watch?v=jpKFqkDz4cc,https://img.youtube.com/vi/jpKFqkDz4cc/hqdefault.jpg,RM|Jin|Suga|J-Hope|Jimin|V|Jungkook,,42,,active,4801825,729436
run-bts-003,Run BTS! 2022 Special Episode - Telepathy Part 1,2022-08-16,2022-08-16,,Run BTS,Run BTS,,https://www.youtube.com/watch?v=wtVKQDEZoF0,https://img.youtube.com/vi/wtVKQDEZoF0/hqdefault.jpg,RM|Jin|Suga|J-Hope|Jimin|V|Jungkook,,2154,,active,14629301,1145424
run-bts-004,Run BTS! 2022 Special Episode - Telepathy Part 2,2022-08-23,2022-08-23,,Run BTS,Run BTS,,https://www.youtube.com/watch?v=nbRKyymm4Eg,https://img.youtube.com/vi/nbRKyymm4Eg/hqdefault.jpg,RM|Jin|Suga|J-Hope|Jimin|V|Jungkook,,2222,,active,9228291,714134
run-bts-005,Run BTS! 2022 Special Episode - Fly BTS Fly Part 0,2022-10-04,2022-10-04,,Run BTS,Run BTS,,https://www.youtube.com/watch?v=iSc7qzfUT9I,https://img.youtube.com/vi/iSc7qzfUT9I/hqdefault.jpg,RM|Jin|Suga|J-Hope|Jimin|V|Jungkook,,43,,active,3642752,518704
run-bts-006,Run BTS! 2022 Special Episode - Fly BTS Fly Part 1,2022-10-11,2022-10-11,,Run BTS,Run BTS,,https://www.youtube.com/watch?v=XJDPzNzQ3RE,https://img.youtube.com/vi/XJDPzNzQ3RE/hqdefault.jpg,RM|Jin|Suga|J-Hope|Jimin|V|Jungkook,,2070,,active,33790988,1635374
run-bts-007,Run BTS! 2022 Special Episode - Fly BTS Fly Part 2,2022-10-18,2022-10-18,,Run BTS,Run BTS,,https://www.youtube.com/watch?v=tLeZStGVaAY,https://img.youtube.com/vi/tLeZStGVaAY/hqdefault.jpg,RM|Jin|Suga|J-Hope|Jimin|V|Jungkook,,2047,,active,12841991,842053
run-bts-008,Run BTS! 2022 Special Episode - 'RUN BTS TV' On-air Part 0,2022-11-15,2022-11-15,,Run BTS,Run BTS,,https://www.youtube.com/watch?v=75RoSvoYoqQ,https://img.youtube.com/vi/75RoSvoYoqQ/hqdefault.jpg,RM|Jin|Suga|J-Hope|Jimin|V|Jungkook,,44,,active,2941817,398627
run-bts-009,Run BTS! 2022 Special Episode - 'RUN BTS TV' On-air Part 1,2022-11-22,2022-11-22,,Run BTS,Run BTS,,https://www.youtube.com/watch?v=7ddN2icSFRA,https://img.youtube.com/vi/7ddN2icSFRA/hqdefault.jpg,RM|Jin|Suga|J-Hope|Jimin|V|Jungkook,,2394,,active,11816934,749093
run-bts-010,Run BTS! 2022 Special Episode - 'RUN BTS TV' On-air Part 2,2022-11-29,2022-11-29,,Run BTS,Run BTS,,https://www.youtube.com/watch?v=ecsWfDLtoc8,https://img.youtube.com/vi/ecsWfDLtoc8/hqdefault.jpg,RM|Jin|Suga|J-Hope|Jimin|V|Jungkook,,2341,,active,8144674,508484
run-bts-011,Run BTS! 2023 Special Episode - Next Top Genius Part 0,2022-12-27,2022-12-27,,Run BTS,Run BTS,,https://www.youtube.com/watch?v=NrfFsgWSpQU,https://img.youtube.com/vi/NrfFsgWSpQU/hqdefault.jpg,RM|Jin|Suga|J-Hope|Jimin|V|Jungkook,,39,,active,2125378,294338
run-bts-012,Run BTS! 2023 Special Episode - Next Top Genius Part 1,2023-01-03,2023-01-03,,Run BTS,Run BTS,,https://www.youtube.com/watch?v=nYyAQ_w0qGc,https://img.youtube.com/vi/nYyAQ_w0qGc/hqdefault.jpg,RM|Jin|Suga|J-Hope|Jimin|V|Jungkook,,1963,,active,13840581,779784
run-bts-013,Run BTS! 2023 Special Episode - Next Top Genius Part 2,2023-01-10,2023-01-10,,Run BTS,Run BTS,,https://www.youtube.com/watch?v=EjUUTh8eqbo,https://img.youtube.com/vi/EjUUTh8eqbo/hqdefault.jpg,RM|Jin|Suga|J-Hope|Jimin|V|Jungkook,,2097,,active,7725945,490411
run-bts-014,Run BTS! 2023 Special Episode - Mini Field Day Part 0,2023-02-07,2023-02-07,,Run BTS,Run BTS,,https://www.youtube.com/watch?v=GUt9bM3viCs,https://img.youtube.com/vi/GUt9bM3viCs/hqdefault.jpg,RM|Jin|Suga|J-Hope|Jimin|V|Jungkook,,34,,active,2412919,343046
run-bts-015,Run BTS! 2023 Special Episode - Mini Field Day Part 1,2023-02-14,2023-02-14,,Run BTS,Run BTS,,https://www.youtube.com/watch?v=LjGzTSodJdE,https://img.youtube.com/vi/LjGzTSodJdE/hqdefault.jpg,RM|Jin|Suga|J-Hope|Jimin|V|Jungkook,,2121,,active,14459494,810619
run-bts-016,Run BTS! 2023 Special Episode - Mini Field Day Part 2,2023-02-21,2023-02-21,,Run BTS,Run BTS,,https://www.youtube.com/watch?v=FDkciHzrZyo,https://img.youtube.com/vi/FDkciHzrZyo/hqdefault.jpg,RM|Jin|Suga|J-Hope|Jimin|V|Jungkook,,2223,,active,15608765,847147
run-bts-017,Run BTS! 2015 EP.1 - Open,2022-12-21,2022-12-21,,Run BTS,Run BTS,1,https://www.youtube.com/watch?v=5XisXVcbZEw,https://img.youtube.com/vi/5XisXVcbZEw/hqdefault.jpg,RM|Jin|Suga|J-Hope|Jimin|V|Jungkook,,222,,active,2752714,236796
run-bts-018,Run BTS! 2015 EP.2 - 최고의 남자,2022-12-21,2022-12-21,,Run BTS,Run BTS,2,https://www.youtube.com/watch?v=fJa1DMVB0vc,https://img.youtube.com/vi/fJa1DMVB0vc/hqdefault.jpg,RM|Jin|Suga|J-Hope|Jimin|V|Jungkook,,514,,active,1730083,134830
run-bts-019,Run BTS! 2015 EP.3 - 놀이공원,2022-12-21,2022-12-21,,Run BTS,Run BTS,3,https://www.youtube.com/watch?v=HMG7jim0Bqc,https://img.youtube.com/vi/HMG7jim0Bqc/hqdefault.jpg,RM|Jin|Suga|J-Hope|Jimin|V|Jungkook,,743,,active,7007832,307694
run-bts-020,Run BTS! 2015 EP.4 - 30초 게이트,2022-12-21,2022-12-21,,Run BTS,Run BTS,4,https://www.youtube.com/watch?v=LwOKT0qcX8I,https://img.youtube.com/vi/LwOKT0qcX8I/hqdefault.jpg,RM|Jin|Suga|J-Hope|Jimin|V|Jungkook,,651,,active,2574931,127230
run-bts-021,Run BTS! 2015 EP.5 - 한가위 맞이: 100초 운동회,2022-12-21,2022-12-21,,Run BTS,Run BTS,5,https://www.youtube.com/watch?v=geqemGfLGl0,https://img.youtube.com/vi/geqemGfLGl0/hqdefault.jpg,RM|Jin|Suga|J-Hope|Jimin|V|Jungkook,,549,,active,1490883,98827
run-bts-022,Run BTS! 2015 EP.6 - 꽁트: 고해성사 1,2022-12-21,2022-12-21,,Run BTS,Run BTS,6,https://www.youtube.com/watch?v=Q-rmawjwOyw,https://img.youtube.com/vi/Q-rmawjwOyw/hqdefault.jpg,RM|Jin|Suga|J-Hope|Jimin|V|Jungkook,,481,,active,1121092,79463
run-bts-023,Run BTS! 2015 EP.6 - 꽁트: 고해성사 2,2022-12-21,2022-12-21,,Run BTS,Run BTS,6,https://www.youtube.com/watch?v=aPpxATzrCeM,https://img.youtube.com/vi/aPpxATzrCeM/hqdefault.jpg,RM|Jin|Suga|J-Hope|Jimin|V|Jungkook,,508,,active,909186,61658
run-bts-024,Run BTS! 2015 EP.7 - 서바이벌,2022-12-21,2022-12-21,,Run BTS,Run BTS,7,https://www.youtube.com/watch?v=iSxvE82RC3o,https://img.youtube.com/vi/iSxvE82RC3o/hqdefault.jpg,RM|Jin|Suga|J-Hope|Jimin|V|Jungkook,,745,,active,1133103,76546
run-bts-025,Run BTS! 2015 EP.8 - 보물찾기,2022-12-21,2022-12-21,,Run BTS,Run BTS,8,https://www.youtube.com/watch?v=JgmGvoDnN4w,https://img.youtube.com/vi/JgmGvoDnN4w/hqdefault.jpg,RM|Jin|Suga|J-Hope|Jimin|V|Jungkook,,870,,active,1382332,79360
run-bts-026,Run BTS! 2015 EP.9 - 번지점프,2022-12-21,2022-12-21,,Run BTS,Run BTS,9,https://www.youtube.com/watch?v=WkWLu-Awxf4,https://img.youtube.com/vi/WkWLu-Awxf4/hqdefault.jpg,RM|Jin|Suga|J-Hope|Jimin|V|Jungkook,,958,,active,1385903,86616
run-bts-027,Run BTS! 2016 EP.10 - 실미도 특집,2022-12-21,2022-12-21,,Run BTS,Run BTS,10,https://www.youtube.com/watch?v=vh4arZ1Cz4Y,https://img.youtube.com/vi/vh4arZ1Cz4Y/hqdefault.jpg,RM|Jin|Suga|J-Hope|Jimin|V|Jungkook,,605,,active,776667,57799
run-bts-028,Run BTS! 2017 EP.11 - 학교로 가다,2022-12-21,2022-12-21,,Run BTS,Run BTS,11,https://www.youtube.com/watch?v=VgzdortYQ6E,https://img.youtube.com/vi/VgzdortYQ6E/hqdefault.jpg,RM|Jin|Suga|J-Hope|Jimin|V|Jungkook,,1583,,active,2281618,130399
run-bts-029,Run BTS! 2017 EP.12 - COPS,2022-12-21,2022-12-21,,Run BTS,Run BTS,12,https://www.youtube.com/watch?v=FWz81fmTpcQ,https://img.youtube.com/vi/FWz81fmTpcQ/hqdefault.jpg,RM|Jin|Suga|J-Hope|Jimin|V|Jungkook,,1355,,active,1566169,89757
run-bts-030,Run BTS! 2017 EP.13 - 다시 돌아온 스파이 1,2022-12-21,2022-12-21,,Run BTS,Run BTS,13,https://www.youtube.com/watch?v=pY2pDsEcwc0,https://img.youtube.com/vi/pY2pDsEcwc0/hqdefault.jpg,RM|Jin|Suga|J-Hope|Jimin|V|Jungkook,,1326,,active,1313679,69382
run-bts-031,Run BTS! 2017 EP.14 - 다시 돌아온 스파이 2,2022-12-21,2022-12-21,,Run BTS,Run BTS,14,https://www.youtube.com/watch?v=O9d5LwFfMLo,https://img.youtube.com/vi/O9d5LwFfMLo/hqdefault.jpg,RM|Jin|Suga|J-Hope|Jimin|V|Jungkook,,1279,,active,1077068,61622
run-bts-032,Run BTS! 2017 EP.15 - 다시 돌아온 스파이 3,2022-12-21,2022-12-21,,Run BTS,Run BTS,15,https://www.youtube.com/watch?v=S00n5Qbn2aM,https://img.youtube.com/vi/S00n5Qbn2aM/hqdefault.jpg,RM|Jin|Suga|J-Hope|Jimin|V|Jungkook,,1200,,active,1009763,60670
run-bts-033,Run BTS! 2017 EP.16 - 동계올림픽,2022-12-21,2022-12-21,,Run BTS,Run BTS,16,https://www.youtube.com/watch?v=WfaFI5PleA8,https://img.youtube.com/vi/WfaFI5PleA8/hqdefault.jpg,RM|Jin|Suga|J-Hope|Jimin|V|Jungkook,,1181,,active,1074980,61849
run-bts-034,Run BTS! 2017 EP.17 - 오락실 올림픽 1,2022-12-21,2022-12-21,,Run BTS,Run BTS,17,https://www.youtube.com/watch?v=rs_3CFHm4KI,https://img.youtube.com/vi/rs_3CFHm4KI/hqdefault.jpg,RM|Jin|Suga|J-Hope|Jimin|V|Jungkook,,1236,,active,1363536,68425
run-bts-035,Run BTS! 2017 EP.18 - 오락실 올림픽 2,2022-12-21,2022-12-21,,Run BTS,Run BTS,18,https://www.youtube.com/watch?v=bA35OcZ-pJk,https://img.youtube.com/vi/bA35OcZ-pJk/hqdefault.jpg,RM|Jin|Suga|J-Hope|Jimin|V|Jungkook,,1227,,active,1051388,58747
run-bts-036,Run BTS! 2017 EP.19 - 스트라이크,2022-12-21,2022-12-21,,Run BTS,Run BTS,19,https://www.youtube.com/watch?v=hUaCfzriU-E,https://img.youtube.com/vi/hUaCfzriU-E/hqdefault.jpg,RM|Jin|Suga|J-Hope|Jimin|V|Jungkook,,1211,,active,2171905,101098
run-bts-037,Run BTS! 2017 EP.20 - 한식대첩,2022-12-21,2022-12-21,,Run BTS,Run BTS,20,https://www.youtube.com/watch?v=KvehOunyO70,https://img.youtube.com/vi/KvehOunyO70/hqdefault.jpg,RM|Jin|Suga|J-Hope|Jimin|V|Jungkook,,1202,,active,2991051,111032
run-bts-038,Run BTS! 2017 EP.21 - 보드게임 대항전,2022-12-21,2022-12-21,,Run BTS,Run BTS,21,https://www.youtube.com/watch?v=JX3DXFwdnK4,https://img.youtube.com/vi/JX3DXFwdnK4/hqdefault.jpg,RM|Jin|Suga|J-Hope|Jimin|V|Jungkook,,1108,,active,1620170,74280
run-bts-039,Run BTS! 2017 EP.22 - 한가위 대축제,2022-12-21,2022-12-21,,Run BTS,Run BTS,22,https://www.youtube.com/watch?v=7H75WKc6Zzk,https://img.youtube.com/vi/7H75WKc6Zzk/hqdefault.jpg,RM|Jin|Suga|J-Hope|Jimin|V|Jungkook,,1788,,active,1217783,59418
run-bts-040,Run BTS! 2017 EP.23 - 펫프렌즈,2022-12-21,2022-12-21,,Run BTS,Run BTS,23,https://www.youtube.com/watch?v=EsYZCrSWnGs,https://img.youtube.com/vi/EsYZCrSWnGs/hqdefault.jpg,RM|Jin|Suga|J-Hope|Jimin|V|Jungkook,,1516,,active,2241380,92917
run-bts-041,Run BTS! 2017 EP.24 - BTS vs 좀비,2022-12-21,2022-12-21,,Run BTS,Run BTS,24,https://www.youtube.com/watch?v=KLzWCC74itE,https://img.youtube.com/vi/KLzWCC74itE/hqdefault.jpg,RM|Jin|Suga|J-Hope|Jimin|V|Jungkook,,1968,,active,5903495,233821
run-bts-042,Run BTS! 2017 EP.25 - 게임왕,2022-12-21,2022-12-21,,Run BTS,Run BTS,25,https://www.youtube.com/watch?v=9oNaPJYO10E,https://img.youtube.com/vi/9oNaPJYO10E/hqdefault.jpg,RM|Jin|Suga|J-Hope|Jimin|V|Jungkook,,1544,,active,1265160,58563
run-bts-043,Run BTS! 2017 EP.26 - 시크릿 에이전트,2022-12-21,2022-12-21,,Run BTS,Run BTS,26,https://www.youtube.com/watch?v=-yC7mMIU_m4,https://img.youtube.com/vi/-yC7mMIU_m4/hqdefault.jpg,RM|Jin|Suga|J-Hope|Jimin|V|Jungkook,,1962,,active,977057,51352
run-bts-044,Run BTS! 2017 EP.27 - 어서와 MT는 처음이지 1,2022-12-21,2022-12-21,,Run BTS,Run BTS,27,https://www.youtube.com/watch?v=35KVt3jYNQU,https://img.youtube.com/vi/35KVt3jYNQU/hqdefault.jpg,RM|Jin|Suga|J-Hope|Jimin|V|Jungkook,,1758,,active,1746019,76848
run-bts-045,Run BTS! 2017 EP.28 - 어서와 MT는 처음이지 2,2022-12-21,2022-12-21,,Run BTS,Run BTS,28,https://www.youtube.com/watch?v=5sxzTiwOrCo,https://img.youtube.com/vi/5sxzTiwOrCo/hqdefault.jpg,RM|Jin|Suga|J-Hope|Jimin|V|Jungkook,,1304,,active,1868238,86972
run-bts-046,Run BTS! 2017 EP.29 - 빌보드 HOT100 공약,2022-12-21,2022-12-21,,Run BTS,Run BTS,29,https://www.youtube.com/watch?v=f7AOsE55rtA,https://img.youtube.com/vi/f7AOsE55rtA/hqdefault.jpg,RM|Jin|Suga|J-Hope|Jimin|V|Jungkook,,2047,,active,2524152,94385
run-bts-047,Run BTS! 2017 EP.30 - 추억의 예능 1,2022-12-21,2022-12-21,,Run BTS,Run BTS,30,https://www.youtube.com/watch?v=zvfGF96rpJM,https://img.youtube.com/vi/zvfGF96rpJM/hqdefault.jpg,RM|Jin|Suga|J-Hope|Jimin|V|Jungkook,,1690,,active,2132182,90670
run-bts-048,Run BTS! 2017 EP.31 - 추억의 예능 2,2022-12-21,2022-12-21,,Run BTS,Run BTS,31,https://www.youtube.com/watch?v=ElMSCtF7D58,https://img.youtube.com/vi/ElMSCtF7D58/hqdefault.jpg,RM|Jin|Suga|J-Hope|Jimin|V|Jungkook,,1859,,active,5451976,169525
run-bts-049,Run BTS! 2017 EP.32 - 산타를 부탁해,2022-12-21,2022-12-21,,Run BTS,Run BTS,32,https://www.youtube.com/watch?v=nJjlIbTbxUU,https://img.youtube.com/vi/nJjlIbTbxUU/hqdefault.jpg,RM|Jin|Suga|J-Hope|Jimin|V|Jungkook,,1723,,active,2121437,85955
run-bts-050,Run BTS! 2017 EP.33 - BTS x 마니또 1,2022-12-21,2022-12-21,,Run BTS,Run BTS,33,https://www.youtube.com/watch?v=4lJAUxBpF-E,https://img.youtube.com/vi/4lJAUxBpF-E/hqdefault.jpg,RM|Jin|Suga|J-Hope|Jimin|V|Jungkook,,1518,,active,4060147,126155
run-bts-051,Run BTS! 2018 EP.34 - BTS x 마니또 2,2022-12-21,2022-12-21,,Run BTS,Run BTS,34,https://www.youtube.com/watch?v=c1mXPOfXjJc,https://img.youtube.com/vi/c1mXPOfXjJc/hqdefault.jpg,RM|Jin|Suga|J-Hope|Jimin|V|Jungkook,,1842,,active,1836554,73500
run-bts-052,Run BTS! 2018 EP.35 - 김치대첩,2022-12-21,2022-12-21,,Run BTS,Run BTS,35,https://www.youtube.com/watch?v=T6oSrTKQpTU,https://img.youtube.com/vi/T6oSrTKQpTU/hqdefault.jpg,RM|Jin|Suga|J-Hope|Jimin|V|Jungkook,,1713,,active,3254045,111639
run-bts-053,Run BTS! 2018 EP.36 - 김치전쟁,2022-12-21,2022-12-21,,Run BTS,Run BTS,36,https://www.youtube.com/watch?v=OwpYJjCSe7M,https://img.youtube.com/vi/OwpYJjCSe7M/hqdefault.jpg,RM|Jin|Suga|J-Hope|Jimin|V|Jungkook,,1552,,active,1931855,69919
run-bts-054,Run BTS! 2018 EP.37 - 다시 돌아온 방탄마블,2022-12-21,2022-12-21,,Run BTS,Run BTS,37,https://www.youtube.com/watch?v=Dn085oNuwk8,https://img.youtube.com/vi/Dn085oNuwk8/hqdefault.jpg,RM|Jin|Suga|J-Hope|Jimin|V|Jungkook,,1963,,active,1225063,49378
run-bts-055,Run BTS! 2018 EP.38 - 돌려라 방탄,2022-12-21,2022-12-21,,Run BTS,Run BTS,38,https://www.youtube.com/watch?v=ZyayTHW1mcc,https://img.youtube.com/vi/ZyayTHW1mcc/hqdefault.jpg,RM|Jin|Suga|J-Hope|Jimin|V|Jungkook,,1907,,active,1192333,53563
run-bts-056,Run BTS! 2018 EP.39 - 방탄 골든벨 1,2022-12-21,2022-12-21,,Run BTS,Run BTS,39,https://www.youtube.com/watch?v=fx2Fyn4qlnE,https://img.youtube.com/vi/fx2Fyn4qlnE/hqdefault.jpg,RM|Jin|Suga|J-Hope|Jimin|V|Jungkook,,1367,,active,1494330,62598
run-bts-057,Run BTS! 2018 EP.40 - 설 특집: 복길만 걷자,2022-12-21,2022-12-21,,Run BTS,Run BTS,40,https://www.youtube.com/watch?v=R7OYtymovXs,https://img.youtube.com/vi/R7OYtymovXs/hqdefault.jpg,RM|Jin|Suga|J-Hope|Jimin|V|Jungkook,,1541,,active,1948101,83157
run-bts-058,Run BTS! 2018 EP.41 - 방탄 골든벨 2,2022-12-22,2022-12-22,,Run BTS,Run BTS,41,https://www.youtube.com/watch?v=RIBC0PX0bg4,https://img.youtube.com/vi/RIBC0PX0bg4/hqdefault.jpg,RM|Jin|Suga|J-Hope|Jimin|V|Jungkook,,2019,,active,7806777,222932
run-bts-059,Run BTS! 2018 EP.42 - 스포츠 대격돌,2022-12-22,2022-12-22,,Run BTS,Run BTS,42,https://www.youtube.com/watch?v=sLTPVCAF7uE,https://img.youtube.com/vi/sLTPVCAF7uE/hqdefault.jpg,RM|Jin|Suga|J-Hope|Jimin|V|Jungkook,,1528,,active,2783453,89889
run-bts-060,Run BTS! 2018 EP.43 - 오감만족 1,2022-12-22,2022-12-22,,Run BTS,Run BTS,43,https://www.youtube.com/watch?v=fwf7zM-IgDI,https://img.youtube.com/vi/fwf7zM-IgDI/hqdefault.jpg,RM|Jin|Suga|J-Hope|Jimin|V|Jungkook,,1991,,active,3314687,92888
run-bts-061,Run BTS! 2018 EP.44 - 오감만족 2,2022-12-22,2022-12-22,,Run BTS,Run BTS,44,https://www.youtube.com/watch?v=XpOmEK9acjo,https://img.youtube.com/vi/XpOmEK9acjo/hqdefault.jpg,RM|Jin|Suga|J-Hope|Jimin|V|Jungkook,,1843,,active,1550468,57106
run-bts-062,Run BTS! 2018 EP.45 - 방탄카페,2022-12-22,2022-12-22,,Run BTS,Run BTS,45,https://www.youtube.com/watch?v=VLFgr5fOqJs,https://img.youtube.com/vi/VLFgr5fOqJs/hqdefault.jpg,RM|Jin|Suga|J-Hope|Jimin|V|Jungkook,,1960,,active,1555082,55549
run-bts-063,Run BTS! 2018 EP.46 - 방탄공방,2022-12-22,2022-12-22,,Run BTS,Run BTS,46,https://www.youtube.com/watch?v=IBVTO6skdjM,https://img.youtube.com/vi/IBVTO6skdjM/hqdefault.jpg,RM|Jin|Suga|J-Hope|Jimin|V|Jungkook,,1574,,active,1258797,49891
run-bts-064,Run BTS! 2018 EP.47 - 방탄마을을 지켜라 1,2022-12-22,2022-12-22,,Run BTS,Run BTS,47,https://www.youtube.com/watch?v=NbHWln007vM,https://img.youtube.com/vi/NbHWln007vM/hqdefault.jpg,RM|Jin|Suga|J-Hope|Jimin|V|Jungkook,,1790,,active,837641,33880
run-bts-065,Run BTS! 2018 EP.48 - 방탄마을을 지켜라 2,2022-12-22,2022-12-22,,Run BTS,Run BTS,48,https://www.youtube.com/watch?v=m1ughWP1UFs,https://img.youtube.com/vi/m1ughWP1UFs/hqdefault.jpg,RM|Jin|Suga|J-Hope|Jimin|V|Jungkook,,2173,,active,701686,32821
run-bts-066,Run BTS! 2018 EP.49 - 달방 전야제 1,2022-12-22,2022-12-22,,Run BTS,Run BTS,49,https://www.youtube.com/watch?v=z2jCejZA0lA,https://img.youtube.com/vi/z2jCejZA0lA/hqdefault.jpg,RM|Jin|Suga|J-Hope|Jimin|V|Jungkook,,1424,,active,864135,38969
run-bts-067,Run BTS! 2018 EP.50 - 달방 전야제 2 & 50회 특집 1,2022-12-22,2022-12-22,,Run BTS,Run BTS,50,https://www.youtube.com/watch?v=RvDfJBPxjjw,https://img.youtube.com/vi/RvDfJBPxjjw/hqdefault.jpg,RM|Jin|Suga|J-Hope|Jimin|V|Jungkook,,1832,,active,737531,38209
run-bts-068,Run BTS! 2018 EP.51 - 50회 특집 2,2022-12-22,2022-12-22,,Run BTS,Run BTS,51,https://www.youtube.com/watch?v=d--MDCCJ3jg,https://img.youtube.com/vi/d--MDCCJ3jg/hqdefault.jpg,RM|Jin|Suga|J-Hope|Jimin|V|Jungkook,,1740,,active,929133,43872
run-bts-069,Run BTS! 2018 EP.52 - 방탄 ESCAPE,2022-12-22,2022-12-22,,Run BTS,Run BTS,52,https://www.youtube.com/watch?v=CyYp3lQTycI,https://img.youtube.com/vi/CyYp3lQTycI/hqdefault.jpg,RM|Jin|Suga|J-Hope|Jimin|V|Jungkook,,2129,,active,521859,24705
run-bts-070,Run BTS! 2018 EP.53 - 방탄 야유회 1,2022-12-22,2022-12-22,,Run BTS,Run BTS,53,https://www.youtube.com/watch?v=eBSvDZxfITQ,https://img.youtube.com/vi/eBSvDZxfITQ/hqdefault.jpg,RM|Jin|Suga|J-Hope|Jimin|V|Jungkook,,1529,,active,1102048,39098
run-bts-071,Run BTS! 2018 EP.54 - 방탄 야유회 2,2022-12-22,2022-12-22,,Run BTS,Run BTS,54,https://www.youtube.com/watch?v=f1PCaocJAfU,https://img.youtube.com/vi/f1PCaocJAfU/hqdefault.jpg,RM|Jin|Suga|J-Hope|Jimin|V|Jungkook,,1583,,active,590881,25027
run-bts-072,Run BTS! 2018 EP.55 - 방탄 야유회 3,2022-12-22,2022-12-22,,Run BTS,Run BTS,55,https://www.youtube.com/watch?v=MhDEtPo-rOE,https://img.youtube.com/vi/MhDEtPo-rOE/hqdefault.jpg,RM|Jin|Suga|J-Hope|Jimin|V|Jungkook,,1664,,active,1128900,42288
run-bts-073,Run BTS! 2018 EP.56 - 방탄 야유회 4,2022-12-22,2022-12-22,,Run BTS,Run BTS,56,https://www.youtube.com/watch?v=cOepgKeAm6k,https://img.youtube.com/vi/cOepgKeAm6k/hqdefault.jpg,RM|Jin|Suga|J-Hope|Jimin|V|Jungkook,,2104,,active,784583,35404
run-bts-074,Run BTS! 2019 EP.57 - 방탄 셰프 1,2022-12-22,2022-12-22,,Run BTS,Run BTS,57,https://www.youtube.com/watch?v=a_slpLU5WJA,https://img.youtube.com/vi/a_slpLU5WJA/hqdefault.jpg,RM|Jin|Suga|J-Hope|Jimin|V|Jungkook,,1469,,active,420867,20279
run-bts-075,Run BTS! 2019 EP.58 - 방탄 셰프 2,2022-12-22,2022-12-22,,Run BTS,Run BTS,58,https://www.youtube.com/watch?v=kM9HxLE1VMk,https://img.youtube.com/vi/kM9HxLE1VMk/hqdefault.jpg,RM|Jin|Suga|J-Hope|Jimin|V|Jungkook,,1997,,active,318065,17403
run-bts-076,Run BTS! 2019 EP.59 - 달방 in 호텔 1,2022-12-22,2022-12-22,,Run BTS,Run BTS,59,https://www.youtube.com/watch?v=cUbO4eA6HFA,https://img.youtube.com/vi/cUbO4eA6HFA/hqdefault.jpg,RM|Jin|Suga|J-Hope|Jimin|V|Jungkook,,1871,,active,436944,21331
run-bts-077,Run BTS! 2019 EP.60 - 달방 in 호텔 2,2022-12-22,2022-12-22,,Run BTS,Run BTS,60,https://www.youtube.com/watch?v=Tzb19yYhZKU,https://img.youtube.com/vi/Tzb19yYhZKU/hqdefault.jpg,RM|Jin|Suga|J-Hope|Jimin|V|Jungkook,,2137,,active,319731,18958
run-bts-078,Run BTS! 2019 EP.61 - 방탄 사우나 1,2022-12-22,2022-12-22,,Run BTS,Run BTS,61,https://www.youtube.com/watch?v=uEHi2iJrDVc,https://img.youtube.com/vi/uEHi2iJrDVc/hqdefault.jpg,RM|Jin|Suga|J-Hope|Jimin|V|Jungkook,,1351,,active,727200,28182
run-bts-079,Run BTS! 2019 EP.62 - 방탄 사우나 2,2022-12-22,2022-12-22,,Run BTS,Run BTS,62,https://www.youtube.com/watch?v=Qcd0QK0VheI,https://img.youtube.com/vi/Qcd0QK0VheI/hqdefault.jpg,RM|Jin|Suga|J-Hope|Jimin|V|Jungkook,,1507,,active,419204,20644
run-bts-080,Run BTS! 2019 EP.63 - 방탄학교 1,2022-12-22,2022-12-22,,Run BTS,Run BTS,63,https://www.youtube.com/watch?v=flju_g_kIB0,https://img.youtube.com/vi/flju_g_kIB0/hqdefault.jpg,RM|Jin|Suga|J-Hope|Jimin|V|Jungkook,,1693,,active,580958,24710
run-bts-081,Run BTS! 2019 EP.64 - 방탄학교 2,2022-12-22,2022-12-22,,Run BTS,Run BTS,64,https://www.youtube.com/watch?v=tEotV_GRg5Y,https://img.youtube.com/vi/tEotV_GRg5Y/hqdefault.jpg,RM|Jin|Suga|J-Hope|Jimin|V|Jungkook,,2009,,active,367941,17900
run-bts-082,Run BTS! 2019 EP.65 - 방탄학교 3,2022-12-22,2022-12-22,,Run BTS,Run BTS,65,https://www.youtube.com/watch?v=pie8ozJvwI8,https://img.youtube.com/vi/pie8ozJvwI8/hqdefault.jpg,RM|Jin|Suga|J-Hope|Jimin|V|Jungkook,,1953,,active,390215,20128
run-bts-083,Run BTS! 2019 EP.66 - BTS in 만화방 1,2022-12-22,2022-12-22,,Run BTS,Run BTS,66,https://www.youtube.com/watch?v=N2kyviu0cc4,https://img.youtube.com/vi/N2kyviu0cc4/hqdefault.jpg,RM|Jin|Suga|J-Hope|Jimin|V|Jungkook,,1793,,active,387333,17749
run-bts-084,Run BTS! 2019 EP.67 - BTS in 만화방 2,2022-12-22,2022-12-22,,Run BTS,Run BTS,67,https://www.youtube.com/watch?v=igYIMWkQqP8,https://img.youtube.com/vi/igYIMWkQqP8/hqdefault.jpg,RM|Jin|Suga|J-Hope|Jimin|V|Jungkook,,1773,,active,285452,15521
run-bts-085,Run BTS! 2019 EP.68 - 하트팡,2022-12-22,2022-12-22,,Run BTS,Run BTS,68,https://www.youtube.com/watch?v=9crUfVkPiLQ,https://img.youtube.com/vi/9crUfVkPiLQ/hqdefault.jpg,RM|Jin|Suga|J-Hope|Jimin|V|Jungkook,,1940,,active,318631,16649
run-bts-086,Run BTS! 2019 EP.69 - BTS in Toronto 1,2022-12-22,2022-12-22,,Run BTS,Run BTS,69,https://www.youtube.com/watch?v=hiPaACFGvQk,https://img.youtube.com/vi/hiPaACFGvQk/hqdefault.jpg,RM|Jin|Suga|J-Hope|Jimin|V|Jungkook,,1921,,active,563904,28056
run-bts-087,Run BTS! 2019 EP.70 - BTS in Toronto 2,2022-12-22,2022-12-22,,Run BTS,Run BTS,70,https://www.youtube.com/watch?v=dW7CcalTpvo,https://img.youtube.com/vi/dW7CcalTpvo/hqdefault.jpg,RM|Jin|Suga|J-Hope|Jimin|V|Jungkook,,2033,,active,2426983,77538
run-bts-088,Run BTS! 2019 EP.71 - BTS in Toronto 3,2022-12-22,2022-12-22,,Run BTS,Run BTS,71,https://www.youtube.com/watch?v=jchwFiaMDuc,https://img.youtube.com/vi/jchwFiaMDuc/hqdefault.jpg,RM|Jin|Suga|J-Hope|Jimin|V|Jungkook,,2135,,active,1356418,51096
run-bts-089,Run BTS! 2019 EP.72 - 방탄과 마피아,2022-12-22,2022-12-22,,Run BTS,Run BTS,72,https://www.youtube.com/watch?v=aKCfZdd_R8E,https://img.youtube.com/vi/aKCfZdd_R8E/hqdefault.jpg,RM|Jin|Suga|J-Hope|Jimin|V|Jungkook,,2112,,active,498791,21662
run-bts-090,Run BTS! 2019 EP.73 - 달방 드라마 1,2022-12-22,2022-12-22,,Run BTS,Run BTS,73,https://www.youtube.com/watch?v=MwhpwyBZlEw,https://img.youtube.com/vi/MwhpwyBZlEw/hqdefault.jpg,RM|Jin|Suga|J-Hope|Jimin|V|Jungkook,,1773,,active,416112,19908
run-bts-091,Run BTS! 2019 EP.74 - 달방 드라마 2,2022-12-22,2022-12-22,,Run BTS,Run BTS,74,https://www.youtube.com/watch?v=LTZmc8fIklg,https://img.youtube.com/vi/LTZmc8fIklg/hqdefault.jpg,RM|Jin|Suga|J-Hope|Jimin|V|Jungkook,,1553,,active,294442,16620
run-bts-092,Run BTS! 2019 EP.75 - 달방 드라마 3,2022-12-22,2022-12-22,,Run BTS,Run BTS,75,https://www.youtube.com/watch?v=wngczROpYdE,https://img.youtube.com/vi/wngczROpYdE/hqdefault.jpg,RM|Jin|Suga|J-Hope|Jimin|V|Jungkook,,1716,,active,324518,18777
run-bts-093,Run BTS! 2019 EP.76 - 달방 드라마 4,2022-12-22,2022-12-22,,Run BTS,Run BTS,76,https://www.youtube.com/watch?v=FL1i-Mdo6VQ,https://img.youtube.com/vi/FL1i-Mdo6VQ/hqdefault.jpg,RM|Jin|Suga|J-Hope|Jimin|V|Jungkook,,1679,,active,288583,19122
run-bts-094,Run BTS! 2019 EP.77 - 77 맛객 1,2022-12-22,2022-12-22,,Run BTS,Run BTS,77,https://www.youtube.com/watch?v=sU_o0d_Lffs,https://img.youtube.com/vi/sU_o0d_Lffs/hqdefault.jpg,RM|Jin|Suga|J-Hope|Jimin|V|Jungkook,,1667,,active,289810,16633
run-bts-095,Run BTS! 2019 EP.78 - 77 맛객 2,2022-12-22,2022-12-22,,Run BTS,Run BTS,78,https://www.youtube.com/watch?v=RjX3yToyb8Y,https://img.youtube.com/vi/RjX3yToyb8Y/hqdefault.jpg,RM|Jin|Suga|J-Hope|Jimin|V|Jungkook,,1796,,active,261499,16296
run-bts-096,Run BTS! 2019 EP.79 - 007대작전 1,2022-12-22,2022-12-22,,Run BTS,Run BTS,79,https://www.youtube.com/watch?v=DU3X84Up0F8,https://img.youtube.com/vi/DU3X84Up0F8/hqdefault.jpg,RM|Jin|Suga|J-Hope|Jimin|V|Jungkook,,2105,,active,469423,24400
run-bts-097,Run BTS! 2019 EP.80 - 007대작전 2,2022-12-22,2022-12-22,,Run BTS,Run BTS,80,https://www.youtube.com/watch?v=ViCNite6tRY,https://img.youtube.com/vi/ViCNite6tRY/hqdefault.jpg,RM|Jin|Suga|J-Hope|Jimin|V|Jungkook,,2146,,active,375250,24306
run-bts-098,Run BTS! 2019 EP.81 - 방탄 VR 1,2022-12-23,2022-12-23,,Run BTS,Run BTS,81,https://www.youtube.com/watch?v=0NMAGQMBWV8,https://img.youtube.com/vi/0NMAGQMBWV8/hqdefault.jpg,RM|Jin|Suga|J-Hope|Jimin|V|Jungkook,,1808,,active,711457,24952
run-bts-099,Run BTS! 2019 EP.82 - 방탄 VR 2,2022-12-23,2022-12-23,,Run BTS,Run BTS,82,https://www.youtube.com/watch?v=wDnTwjp3Hoo,https://img.youtube.com/vi/wDnTwjp3Hoo/hqdefault.jpg,RM|Jin|Suga|J-Hope|Jimin|V|Jungkook,,2152,,active,312656,16075
run-bts-100,Run BTS! 2019 EP.83 - 여름 야유회 1,2022-12-23,2022-12-23,,Run BTS,Run BTS,83,https://www.youtube.com/watch?v=FJQx7NE_St4,https://img.youtube.com/vi/FJQx7NE_St4/hqdefault.jpg,RM|Jin|Suga|J-Hope|Jimin|V|Jungkook,,1719,,active,1362951,45375
run-bts-101,Run BTS! 2019 EP.84 - 여름 야유회 2,2022-12-23,2022-12-23,,Run BTS,Run BTS,84,https://www.youtube.com/watch?v=WUnvkmLiT3s,https://img.youtube.com/vi/WUnvkmLiT3s/hqdefault.jpg,RM|Jin|Suga|J-Hope|Jimin|V|Jungkook,,1911,,active,4026318,98525
run-bts-102,Run BTS! 2019 EP.85 - 여름 야유회 3,2022-12-23,2022-12-23,,Run BTS,Run BTS,85,https://www.youtube.com/watch?v=EDDBj8-g0j4,https://img.youtube.com/vi/EDDBj8-g0j4/hqdefault.jpg,RM|Jin|Suga|J-Hope|Jimin|V|Jungkook,,2195,,active,1724948,52633
run-bts-103,Run BTS! 2019 EP.86 - 한글날 특집 1,2022-12-23,2022-12-23,,Run BTS,Run BTS,86,https://www.youtube.com/watch?v=pE_d8ZwFSVA,https://img.youtube.com/vi/pE_d8ZwFSVA/hqdefault.jpg,RM|Jin|Suga|J-Hope|Jimin|V|Jungkook,,1972,,active,534117,19201
run-bts-104,Run BTS! 2019 EP.87 - 한글날 특집 2,2022-12-23,2022-12-23,,Run BTS,Run BTS,87,https://www.youtube.com/watch?v=hocBK-3rZUw,https://img.youtube.com/vi/hocBK-3rZUw/hqdefault.jpg,RM|Jin|Suga|J-Hope|Jimin|V|Jungkook,,2143,,active,385498,16414
run-bts-105,Run BTS! 2019 EP.88 - 한글날 특집 3,2022-12-23,2022-12-23,,Run BTS,Run BTS,88,https://www.youtube.com/watch?v=R_wTlv20NsQ,https://img.youtube.com/vi/R_wTlv20NsQ/hqdefault.jpg,RM|Jin|Suga|J-Hope|Jimin|V|Jungkook,,1769,,active,270254,14656
run-bts-106,Run BTS! 2019 EP.89 - 돌아온 방탄가요 1,2022-12-23,2022-12-23,,Run BTS,Run BTS,89,https://www.youtube.com/watch?v=iTW6wqPUPEw,https://img.youtube.com/vi/iTW6wqPUPEw/hqdefault.jpg,RM|Jin|Suga|J-Hope|Jimin|V|Jungkook,,2083,,active,522344,20199
run-bts-107,Run BTS! 2019 EP.90 - 돌아온 방탄가요 2,2022-12-23,2022-12-23,,Run BTS,Run BTS,90,https://www.youtube.com/watch?v=mn6SE8I2zGg,https://img.youtube.com/vi/mn6SE8I2zGg/hqdefault.jpg,RM|Jin|Suga|J-Hope|Jimin|V|Jungkook,,1952,,active,334627,15543
run-bts-108,Run BTS! 2020 EP.91 - 미니 골든벨 1,2022-12-23,2022-12-23,,Run BTS,Run BTS,91,https://www.youtube.com/watch?v=VVOGQnaWbmo,https://img.youtube.com/vi/VVOGQnaWbmo/hqdefault.jpg,RM|Jin|Suga|J-Hope|Jimin|V|Jungkook,,1932,,active,336968,14925
run-bts-109,Run BTS! 2020 EP.92 - 미니 골든벨 2,2022-12-23,2022-12-23,,Run BTS,Run BTS,92,https://www.youtube.com/watch?v=mZnXMgYe4Jc,https://img.youtube.com/vi/mZnXMgYe4Jc/hqdefault.jpg,RM|Jin|Suga|J-Hope|Jimin|V|Jungkook,,1866,,active,256975,13339
run-bts-110,Run BTS! 2020 EP.93 - BTS 마블 1,2022-12-23,2022-12-23,,Run BTS,Run BTS,93,https://www.youtube.com/watch?v=t3pCgotDmBY,https://img.youtube.com/vi/t3pCgotDmBY/hqdefault.jpg,RM|Jin|Suga|J-Hope|Jimin|V|Jungkook,,1834,,active,247194,12308
run-bts-111,Run BTS! 2020 EP.94 - BTS 마블 2,2022-12-23,2022-12-23,,Run BTS,Run BTS,94,https://www.youtube.com/watch?v=cZOsTxnZhbE,https://img.youtube.com/vi/cZOsTxnZhbE/hqdefault.jpg,RM|Jin|Suga|J-Hope|Jimin|V|Jungkook,,2091,,active,213077,11577
run-bts-112,Run BTS! 2020 EP.95 - 방탄아 놀자 1,2022-12-23,2022-12-23,,Run BTS,Run BTS,95,https://www.youtube.com/watch?v=6DXQPTaOPfw,https://img.youtube.com/vi/6DXQPTaOPfw/hqdefault.jpg,RM|Jin|Suga|J-Hope|Jimin|V|Jungkook,,2144,,active,477483,19078
run-bts-113,Run BTS! 2020 EP.96 - 방탄아 놀자 2,2022-12-23,2022-12-23,,Run BTS,Run BTS,96,https://www.youtube.com/watch?v=Mi-v8F5JHT8,https://img.youtube.com/vi/Mi-v8F5JHT8/hqdefault.jpg,RM|Jin|Suga|J-Hope|Jimin|V|Jungkook,,2190,,active,301947,13680
run-bts-114,Run BTS! 2020 EP.97 - 파자마 파티 1,2022-12-23,2022-12-23,,Run BTS,Run BTS,97,https://www.youtube.com/watch?v=ZbIA0RT6EzY,https://img.youtube.com/vi/ZbIA0RT6EzY/hqdefault.jpg,RM|Jin|Suga|J-Hope|Jimin|V|Jungkook,,2215,,active,1128610,35917
run-bts-115,Run BTS! 2020 EP.98 - 파자마 파티 2,2022-12-23,2022-12-23,,Run BTS,Run BTS,98,https://www.youtube.com/watch?v=UEDrCw6FDHU,https://img.youtube.com/vi/UEDrCw6FDHU/hqdefault.jpg,RM|Jin|Suga|J-Hope|Jimin|V|Jungkook,,1865,,active,570795,22480
run-bts-116,Run BTS! 2020 EP.99 - 플로리스트,2022-12-23,2022-12-23,,Run BTS,Run BTS,99,https://www.youtube.com/watch?v=76Syt8Y1tJQ,https://img.youtube.com/vi/76Syt8Y1tJQ/hqdefault.jpg,RM|Jin|Suga|J-Hope|Jimin|V|Jungkook,,1982,,active,429487,18436
run-bts-117,Run BTS! 2020 EP.100 - 100회 특집 1,2022-12-23,2022-12-23,,Run BTS,Run BTS,100,https://www.youtube.com/watch?v=KU2ZGMv85aQ,https://img.youtube.com/vi/KU2ZGMv85aQ/hqdefault.jpg,RM|Jin|Suga|J-Hope|Jimin|V|Jungkook,,2229,,active,564834,20255
run-bts-118,Run BTS! 2020 EP.101 - 100회 특집 2,2022-12-23,2022-12-23,,Run BTS,Run BTS,101,https://www.youtube.com/watch?v=9KKi7ezJZyI,https://img.youtube.com/vi/9KKi7ezJZyI/hqdefault.jpg,RM|Jin|Suga|J-Hope|Jimin|V|Jungkook,,2246,,active,383412,16003
run-bts-119,Run BTS! 2020 EP.102 - 아바타 요리왕 1,2022-12-23,2022-12-23,,Run BTS,Run BTS,102,https://www.youtube.com/watch?v=oCXX1kxFsNI,https://img.youtube.com/vi/oCXX1kxFsNI/hqdefault.jpg,RM|Jin|Suga|J-Hope|Jimin|V|Jungkook,,2124,,active,600239,19855
run-bts-120,Run BTS! 2020 EP.103 - 아바타 요리왕 2,2022-12-23,2022-12-23,,Run BTS,Run BTS,103,https://www.youtube.com/watch?v=IdG8gSYHlnw,https://img.youtube.com/vi/IdG8gSYHlnw/hqdefault.jpg,RM|Jin|Suga|J-Hope|Jimin|V|Jungkook,,2088,,active,444157,16252
run-bts-121,Run BTS! 2020 EP.104 - 달방 사진전 1,2022-12-23,2022-12-23,,Run BTS,Run BTS,104,https://www.youtube.com/watch?v=_-wRiUJvQsA,https://img.youtube.com/vi/_-wRiUJvQsA/hqdefault.jpg,RM|Jin|Suga|J-Hope|Jimin|V|Jungkook,,2069,,active,460199,17840
run-bts-122,Run BTS! 2020 EP.105 - 달방 사진전 2,2022-12-23,2022-12-23,,Run BTS,Run BTS,105,https://www.youtube.com/watch?v=6n9SGcCRYXw,https://img.youtube.com/vi/6n9SGcCRYXw/hqdefault.jpg,RM|Jin|Suga|J-Hope|Jimin|V|Jungkook,,2171,,active,368966,16606
run-bts-123,Run BTS! 2020 EP.106 - 달방 사진전 3,2022-12-23,2022-12-23,,Run BTS,Run BTS,106,https://www.youtube.com/watch?v=06RkYzgq3ac,https://img.youtube.com/vi/06RkYzgq3ac/hqdefault.jpg,RM|Jin|Suga|J-Hope|Jimin|V|Jungkook,,2198,,active,487453,23898
run-bts-124,Run BTS! 2020 EP.107 - 방탄게임단 1,2022-12-23,2022-12-23,,Run BTS,Run BTS,107,https://www.youtube.com/watch?v=Vz5fqy5yjaI,https://img.youtube.com/vi/Vz5fqy5yjaI/hqdefault.jpg,RM|Jin|Suga|J-Hope|Jimin|V|Jungkook,,1976,,active,283310,12562
run-bts-125,Run BTS! 2020 EP.108 - 방탄게임단 2,2022-12-23,2022-12-23,,Run BTS,Run BTS,108,https://www.youtube.com/watch?v=B8BHVlpL2o0,https://img.youtube.com/vi/B8BHVlpL2o0/hqdefault.jpg,RM|Jin|Suga|J-Hope|Jimin|V|Jungkook,,1960,,active,317106,13087
run-bts-126,Run BTS! 2020 EP.109 - 달방 더빙,2022-12-23,2022-12-23,,Run BTS,Run BTS,109,https://www.youtube.com/watch?v=JsXsAvcCbaY,https://img.youtube.com/vi/JsXsAvcCbaY/hqdefault.jpg,RM|Jin|Suga|J-Hope|Jimin|V|Jungkook,,2060,,active,1798724,90026
run-bts-127,Run BTS! 2020 EP.110 - 보물을 찾아서 1,2022-12-23,2022-12-23,,Run BTS,Run BTS,110,https://www.youtube.com/watch?v=zaXfSCdO69I,https://img.youtube.com/vi/zaXfSCdO69I/hqdefault.jpg,RM|Jin|Suga|J-Hope|Jimin|V|Jungkook,,2191,,active,337924,15835
run-bts-128,Run BTS! 2020 EP.111 - 보물을 찾아서 2,2022-12-23,2022-12-23,,Run BTS,Run BTS,111,https://www.youtube.com/watch?v=v5X_bpav1G0,https://img.youtube.com/vi/v5X_bpav1G0/hqdefault.jpg,RM|Jin|Suga|J-Hope|Jimin|V|Jungkook,,2115,,active,235068,13908
run-bts-129,Run BTS! 2020 EP.112 - 달방 스쿨 1,2022-12-23,2022-12-23,,Run BTS,Run BTS,112,https://www.youtube.com/watch?v=aLL9_dOnQTI,https://img.youtube.com/vi/aLL9_dOnQTI/hqdefault.jpg,RM|Jin|Suga|J-Hope|Jimin|V|Jungkook,,2318,,active,877378,33883
run-bts-130,Run BTS! 2020 EP.113 - 달방 스쿨 2,2022-12-23,2022-12-23,,Run BTS,Run BTS,113,https://www.youtube.com/watch?v=_2AG1F8znw0,https://img.youtube.com/vi/_2AG1F8znw0/hqdefault.jpg,RM|Jin|Suga|J-Hope|Jimin|V|Jungkook,,2333,,active,618925,24724
run-bts-131,Run BTS! 2020 EP.114 - 리그 오브 넘버원 1,2022-12-23,2022-12-23,,Run BTS,Run BTS,114,https://www.youtube.com/watch?v=smrmbUhBl0s,https://img.youtube.com/vi/smrmbUhBl0s/hqdefault.jpg,RM|Jin|Suga|J-Hope|Jimin|V|Jungkook,,2246,,active,544514,23105
run-bts-132,Run BTS! 2020 EP.115 - 리그 오브 넘버원 2,2022-12-23,2022-12-23,,Run BTS,Run BTS,115,https://www.youtube.com/watch?v=5L5OZhy1gi8,https://img.youtube.com/vi/5L5OZhy1gi8/hqdefault.jpg,RM|Jin|Suga|J-Hope|Jimin|V|Jungkook,,2058,,active,242142,12842
run-bts-133,Run BTS! 2020 EP.116 - 단합력 특집 1,2022-12-23,2022-12-23,,Run BTS,Run BTS,116,https://www.youtube.com/watch?v=l7G6wsrVTG4,https://img.youtube.com/vi/l7G6wsrVTG4/hqdefault.jpg,RM|Jin|Suga|J-Hope|Jimin|V|Jungkook,,2190,,active,780151,25173
run-bts-134,Run BTS! 2020 EP.117 - 단합력 특집 2,2022-12-23,2022-12-23,,Run BTS,Run BTS,117,https://www.youtube.com/watch?v=vpzygHwRtpQ,https://img.youtube.com/vi/vpzygHwRtpQ/hqdefault.jpg,RM|Jin|Suga|J-Hope|Jimin|V|Jungkook,,2278,,active,521705,19675
run-bts-135,Run BTS! 2020 EP.118 - 포토 스토리 1,2022-12-23,2022-12-23,,Run BTS,Run BTS,118,https://www.youtube.com/watch?v=yiqe-aegVk0,https://img.youtube.com/vi/yiqe-aegVk0/hqdefault.jpg,RM|Jin|Suga|J-Hope|Jimin|V|Jungkook,,2319,,active,469808,20801
run-bts-136,Run BTS! 2020 EP.119 - 포토 스토리 2,2022-12-23,2022-12-23,,Run BTS,Run BTS,119,https://www.youtube.com/watch?v=wlHS-fpJrm0,https://img.youtube.com/vi/wlHS-fpJrm0/hqdefault.jpg,RM|Jin|Suga|J-Hope|Jimin|V|Jungkook,,2375,,active,354317,17571
run-bts-137,Run BTS! 2020 EP.120 - 응답하라 방탄 마을 1,2022-12-23,2022-12-23,,Run BTS,Run BTS,120,https://www.youtube.com/watch?v=oia-9KHAWXI,https://img.youtube.com/vi/oia-9KHAWXI/hqdefault.jpg,RM|Jin|Suga|J-Hope|Jimin|V|Jungkook,,2179,,active,690183,30230
run-bts-138,Run BTS! 2020 EP.121 - 응답하라 방탄 마을 2,2022-12-24,2020-01-01,,Run BTS,Run BTS,121,https://www.youtube.com/watch?v=qhh5gVSeo_U,https://img.youtube.com/vi/qhh5gVSeo_U/hqdefault.jpg,RM|Jin|Suga|J-Hope|Jimin|V|Jungkook,,2414,,active,663870,18890
run-bts-139,Run BTS! 2020 EP.122 - 역 아바타 셰프 1,2022-12-24,2020-01-01,,Run BTS,Run BTS,122,https://www.youtube.com/watch?v=bh8-6MIxzN8,https://img.youtube.com/vi/bh8-6MIxzN8/hqdefault.jpg,RM|Jin|Suga|J-Hope|Jimin|V|Jungkook,,2253,,active,683482,23393
run-bts-140,Run BTS! 2021 EP.123 - 역 아바타 셰프 2,2022-12-24,2021-01-01,,Run BTS,Run BTS,123,https://www.youtube.com/watch?v=gxWU67XWxLE,https://img.youtube.com/vi/gxWU67XWxLE/hqdefault.jpg,RM|Jin|Suga|J-Hope|Jimin|V|Jungkook,,2212,,active,345338,14359
run-bts-141,Run BTS! 2021 EP.124 - PD작가편,2022-12-24,2021-01-01,,Run BTS,Run BTS,124,https://www.youtube.com/watch?v=LCh1ZdHfnNA,https://img.youtube.com/vi/LCh1ZdHfnNA/hqdefault.jpg,RM|Jin|Suga|J-Hope|Jimin|V|Jungkook,,2324,,active,446761,16014
run-bts-142,Run BTS! 2021 EP.125 - K-햄 특집,2022-12-24,2021-01-01,,Run BTS,Run BTS,125,https://www.youtube.com/watch?v=hhEmXU90pJg,https://img.youtube.com/vi/hhEmXU90pJg/hqdefault.jpg,RM|Jin|Suga|J-Hope|Jimin|V|Jungkook,,1933,,active,336580,14098
run-bts-143,Run BTS! 2021 EP.126 - 777 럭키 세븐 1,2022-12-24,2021-01-01,,Run BTS,Run BTS,126,https://www.youtube.com/watch?v=F9iKSUVw1P4,https://img.youtube.com/vi/F9iKSUVw1P4/hqdefault.jpg,RM|Jin|Suga|J-Hope|Jimin|V|Jungkook,,2350,,active,543261,19637
run-bts-144,Run BTS! 2021 EP.127 - 777 럭키 세븐 2,2022-12-24,2021-01-01,,Run BTS,Run BTS,127,https://www.youtube.com/watch?v=-CJsLnTZw2k,https://img.youtube.com/vi/-CJsLnTZw2k/hqdefault.jpg,RM|Jin|Suga|J-Hope|Jimin|V|Jungkook,,2332,,active,341617,14748
run-bts-145,Run BTS! 2021 EP.128 - HELLO 2021,2022-12-24,2021-01-01,,Run BTS,Run BTS,128,https://www.youtube.com/watch?v=bf9jIA0EsuM,https://img.youtube.com/vi/bf9jIA0EsuM/hqdefault.jpg,RM|Jin|Suga|J-Hope|Jimin|V|Jungkook,,2476,,active,604768,23824
run-bts-146,Run BTS! 2021 EP.129 - 장기 프로젝트 테니스 1,2022-12-24,2021-01-01,,Run BTS,Run BTS,129,https://www.youtube.com/watch?v=C_vDrLUImiw,https://img.youtube.com/vi/C_vDrLUImiw/hqdefault.jpg,RM|Jin|Suga|J-Hope|Jimin|V|Jungkook,,2365,,active,339626,15644
run-bts-147,Run BTS! 2021 EP.130 - 장기 프로젝트 테니스 2,2022-12-24,2021-01-01,,Run BTS,Run BTS,130,https://www.youtube.com/watch?v=EmsSiGxwZd4,https://img.youtube.com/vi/EmsSiGxwZd4/hqdefault.jpg,RM|Jin|Suga|J-Hope|Jimin|V|Jungkook,,2880,,active,585785,20635
run-bts-148,Run BTS! 2021 EP.131 - 77분 토론 1,2022-12-24,2021-01-01,,Run BTS,Run BTS,131,https://www.youtube.com/watch?v=bH1y8dB6pF8,https://img.youtube.com/vi/bH1y8dB6pF8/hqdefault.jpg,RM|Jin|Suga|J-Hope|Jimin|V|Jungkook,,2032,,active,961547,35404
run-bts-149,Run BTS! 2021 EP.132 - 77분 토론 2,2022-12-24,2021-01-01,,Run BTS,Run BTS,132,https://www.youtube.com/watch?v=14gEUP4TLEw,https://img.youtube.com/vi/14gEUP4TLEw/hqdefault.jpg,RM|Jin|Suga|J-Hope|Jimin|V|Jungkook,,1810,,active,835634,29763
run-bts-150,Run BTS! 2021 EP.133 - 연수원 특집 1,2022-12-24,2021-01-01,,Run BTS,Run BTS,133,https://www.youtube.com/watch?v=SeWU7D9PG-U,https://img.youtube.com/vi/SeWU7D9PG-U/hqdefault.jpg,RM|Jin|Suga|J-Hope|Jimin|V|Jungkook,,1873,,active,510832,18206
run-bts-151,Run BTS! 2021 EP.134 - 연수원 특집 2,2022-12-24,2021-01-01,,Run BTS,Run BTS,134,https://www.youtube.com/watch?v=lBJz8QsJYIs,https://img.youtube.com/vi/lBJz8QsJYIs/hqdefault.jpg,RM|Jin|Suga|J-Hope|Jimin|V|Jungkook,,1813,,active,475605,18738
run-bts-152,Run BTS! 2021 EP.135 - 연수원 특집 3,2022-12-24,2021-01-01,,Run BTS,Run BTS,135,https://www.youtube.com/watch?v=dnDYzuiUQbk,https://img.youtube.com/vi/dnDYzuiUQbk/hqdefault.jpg,RM|Jin|Suga|J-Hope|Jimin|V|Jungkook,,2122,,active,295745,14008
run-bts-153,Run BTS! 2021 EP.136 - 예능 퀴즈쇼 1,2022-12-24,2021-01-01,,Run BTS,Run BTS,136,https://www.youtube.com/watch?v=K_HoViK02FU,https://img.youtube.com/vi/K_HoViK02FU/hqdefault.jpg,RM|Jin|Suga|J-Hope|Jimin|V|Jungkook,,2150,,active,776281,21231
run-bts-154,Run BTS! 2021 EP.137 - 예능 퀴즈쇼 2,2022-12-24,2021-01-01,,Run BTS,Run BTS,137,https://www.youtube.com/watch?v=Nosn9Rm1i9s,https://img.youtube.com/vi/Nosn9Rm1i9s/hqdefault.jpg,RM|Jin|Suga|J-Hope|Jimin|V|Jungkook,,2145,,active,546890,20686
run-bts-155,Run BTS! 2021 EP.138 - 방탄 탁구 교실 1,2022-12-24,2021-01-01,,Run BTS,Run BTS,138,https://www.youtube.com/watch?v=2TXln2hCD7o,https://img.youtube.com/vi/2TXln2hCD7o/hqdefault.jpg,RM|Jin|Suga|J-Hope|Jimin|V|Jungkook,,1785,,active,305726,14935
run-bts-156,Run BTS! 2021 EP.139 - 방탄 탁구 교실 2,2022-12-24,2021-01-01,,Run BTS,Run BTS,139,https://www.youtube.com/watch?v=xvMCafwIANc,https://img.youtube.com/vi/xvMCafwIANc/hqdefault.jpg,RM|Jin|Suga|J-Hope|Jimin|V|Jungkook,,2313,,active,345173,17104
run-bts-157,Run BTS! 2021 EP.140 - 콜라보 예능 1,2022-12-24,2021-01-01,,Run BTS,Run BTS,140,https://www.youtube.com/watch?v=JfiKmw9i0kQ,https://img.youtube.com/vi/JfiKmw9i0kQ/hqdefault.jpg,RM|Jin|Suga|J-Hope|Jimin|V|Jungkook,,2657,,active,1285533,35180
run-bts-158,Run BTS! 2021 EP.141 - 콜라보 예능 2,2022-12-24,2021-01-01,,Run BTS,Run BTS,141,https://www.youtube.com/watch?v=cvcWk2F6Mnc,https://img.youtube.com/vi/cvcWk2F6Mnc/hqdefault.jpg,RM|Jin|Suga|J-Hope|Jimin|V|Jungkook,,2773,,active,782131,23907
run-bts-159,Run BTS! 2021 EP.142 - 환상의 궁합,2022-12-24,2021-01-01,,Run BTS,Run BTS,142,https://www.youtube.com/watch?v=tsBOAg9-Q84,https://img.youtube.com/vi/tsBOAg9-Q84/hqdefault.jpg,RM|Jin|Suga|J-Hope|Jimin|V|Jungkook,,1882,,active,383349,18599
run-bts-160,Run BTS! 2021 EP.143 - 달방 북스,2022-12-24,2021-01-01,,Run BTS,Run BTS,143,https://www.youtube.com/watch?v=Gj2Fe_4tYqI,https://img.youtube.com/vi/Gj2Fe_4tYqI/hqdefault.jpg,RM|Jin|Suga|J-Hope|Jimin|V|Jungkook,,2461,,active,519948,23306
run-bts-161,Run BTS! 2021 EP.144 - 달방 가요,2022-12-24,2021-01-01,,Run BTS,Run BTS,144,https://www.youtube.com/watch?v=D5ZL7_gXUK8,https://img.youtube.com/vi/D5ZL7_gXUK8/hqdefault.jpg,RM|Jin|Suga|J-Hope|Jimin|V|Jungkook,,2560,,active,595340,22936
run-bts-162,Run BTS! 2021 EP.145 - 방탄마을 조선시대 1,2022-12-24,2021-01-01,,Run BTS,Run BTS,145,https://www.youtube.com/watch?v=7hFupR4eGnQ,https://img.youtube.com/vi/7hFupR4eGnQ/hqdefault.jpg,RM|Jin|Suga|J-Hope|Jimin|V|Jungkook,,2892,,active,639226,24013
run-bts-163,Run BTS! 2021 EP.146 - 방탄마을 조선시대 2,2022-12-24,2021-01-01,,Run BTS,Run BTS,146,https://www.youtube.com/watch?v=9AROf6Y7bhQ,https://img.youtube.com/vi/9AROf6Y7bhQ/hqdefault.jpg,RM|Jin|Suga|J-Hope|Jimin|V|Jungkook,,2850,,active,415373,16946
run-bts-164,Run BTS! 2021 EP.147 - 방탄마을 조선시대 3,2022-12-24,2021-01-01,,Run BTS,Run BTS,147,https://www.youtube.com/watch?v=b6AI77p7mdc,https://img.youtube.com/vi/b6AI77p7mdc/hqdefault.jpg,RM|Jin|Suga|J-Hope|Jimin|V|Jungkook,,2854,,active,422549,18893
run-bts-165,Run BTS! 2021 EP.148 - 방탄 인테리어 1,2022-12-24,2021-01-01,,Run BTS,Run BTS,148,https://www.youtube.com/watch?v=RqTU131qYbM,https://img.youtube.com/vi/RqTU131qYbM/hqdefault.jpg,RM|Jin|Suga|J-Hope|Jimin|V|Jungkook,,1850,,active,407237,19820
run-bts-166,Run BTS! 2021 EP.149 - 방탄 인테리어 2,2022-12-24,2021-01-01,,Run BTS,Run BTS,149,https://www.youtube.com/watch?v=dEKvRU6PAoM,https://img.youtube.com/vi/dEKvRU6PAoM/hqdefault.jpg,RM|Jin|Suga|J-Hope|Jimin|V|Jungkook,,2243,,active,378390,18608
run-bts-167,Run BTS! 2021 EP.150 - 쩐의 전쟁 호캉스 1,2022-12-24,2021-01-01,,Run BTS,Run BTS,150,https://www.youtube.com/watch?v=f8lY0NIHrdQ,https://img.youtube.com/vi/f8lY0NIHrdQ/hqdefault.jpg,RM|Jin|Suga|J-Hope|Jimin|V|Jungkook,,1795,,active,698258,27191
run-bts-168,Run BTS! 2021 EP.151 - 쩐의 전쟁 호캉스 2,2022-12-24,2021-01-01,,Run BTS,Run BTS,151,https://www.youtube.com/watch?v=dxBu2IRO49I,https://img.youtube.com/vi/dxBu2IRO49I/hqdefault.jpg,RM|Jin|Suga|J-Hope|Jimin|V|Jungkook,,1886,,active,533202,21870
run-bts-169,Run BTS! 2021 EP.152 - 추억의 노래 1,2022-12-24,2021-01-01,,Run BTS,Run BTS,152,https://www.youtube.com/watch?v=OArE3LBEKRI,https://img.youtube.com/vi/OArE3LBEKRI/hqdefault.jpg,RM|Jin|Suga|J-Hope|Jimin|V|Jungkook,,2141,,active,814985,33175
run-bts-170,Run BTS! 2021 EP.153 - 추억의 노래 2,2022-12-24,2021-01-01,,Run BTS,Run BTS,153,https://www.youtube.com/watch?v=vyK3yVN5Ls8,https://img.youtube.com/vi/vyK3yVN5Ls8/hqdefault.jpg,RM|Jin|Suga|J-Hope|Jimin|V|Jungkook,,2969,,active,1015763,41611
run-bts-171,Run BTS! 2021 EP.154 - 피날레1,2022-12-24,2021-01-01,,Run BTS,Run BTS,154,https://www.youtube.com/watch?v=uWJv5Alk3tY,https://img.youtube.com/vi/uWJv5Alk3tY/hqdefault.jpg,RM|Jin|Suga|J-Hope|Jimin|V|Jungkook,,2465,,active,812009,34335
run-bts-172,Run BTS! 2021 EP.155 - 피날레2,2022-12-24,2021-01-01,,Run BTS,Run BTS,155,https://www.youtube.com/watch?v=G1fyGtDTYp8,https://img.youtube.com/vi/G1fyGtDTYp8/hqdefault.jpg,RM|Jin|Suga|J-Hope|Jimin|V|Jungkook,,3412,,active,1030214,40123
